





                            24  25  26
        81          82      23  63  27      85          86
                            22  64  28
                            21  65  29
        83          84      20  66  30      87          88
                            19  67  31
    13  14  15  16  17  18      75      32  33  34  35  36  37
    12  58  59  60  61  62  74      76  72  71  70  69  68  38
    11  10  9   8   7   6       73      44  43  42  41  40  39
                            5   57  45
        77          78      4   56  46      89          90
                            3   55  47
                            2   54  48
        79          80      1   53  49      91          92
                            52  51  50
